0.1 0.10146829228313461 0.02
0.1 0.10183510334227248 0.025
0.1 0.10220180396742316 0.03
0.1 0.10256840941190785 0.035
0.1 0.10293493435366104 0.04
0.2 0.20244406254134412 0.02
0.2 0.2030498351013889 0.025
0.2 0.20365338818226053 0.03
0.2 0.20425474860943665 0.035
0.2 0.20485376631522126 0.04
0.3 0.3015300004168399 0.02
0.3 0.30189836679500126 0.025
0.3 0.30226150865599827 0.03
0.3 0.3026192686465357 0.035
0.3 0.30297197122354064 0.04
0.4 0.4010162427914983 0.02
0.4 0.4012584980486474 0.025
0.4 0.40149623593387074 0.03
0.4 0.40172954854919535 0.035
0.4 0.4019583199034252 0.04
0.5 0.5011839492909378 0.02
0.5 0.5014708671590711 0.025
0.5 0.5017544102538422 0.03
0.5 0.5020344581161265 0.035
0.5 0.5023108130640316 0.04
0.6 0.6016284247575612 0.02
0.6 0.6020270725171686 0.025
0.6 0.6024227930300305 0.03
0.6 0.6028148613164551 0.035
0.6 0.6032040455363129 0.04
0.7 0.7021678150134756 0.02
0.7 0.7027015716224891 0.025
0.7 0.7032313719901623 0.03
0.7 0.7037574842836845 0.035
0.7 0.7042801337050424 0.04
0.8 0.8027385932189189 0.02
0.8 0.8034122582084166 0.025
0.8 0.804083159029438 0.03
0.8 0.8047499172621675 0.035
0.8 0.8054125080235305 0.04
0.9 0.9033137223169341 0.02
0.9 0.9041314750911438 0.025
0.9 0.9049427423401523 0.03
0.9 0.9057505197688294 0.035
0.9 0.9065531430210713 0.04
1 1.0038870968276024 0.02
1 1.0048446286726482 0.025
1 1.0057987094494523 0.03
1 1.0067449135869597 0.035
1 1.0076866119120003 0.04
2 2.009291095665696 0.02
2 2.011615259782399 0.025
2 2.0138669294185774 0.03
2 2.0161048914645177 0.035
2 2.0184090765947795 0.04
3 3.015379896892685 0.02
3 3.0184156448157218 0.025
3 3.020273488407017 0.03
3 3.023261912432823 0.035
3 3.0284934936212653 0.04
4 4.018513971960984 0.02
4 4.01993333425929 0.025
4 4.0231173632945 0.03
4 4.031300449236952 0.035
4 4.045531331530389 0.04
5 5.036541145304645 0.02
5 5.03727747490833 0.025
5 5.0355851398235965 0.03
5 5.033685589875188 0.035
5 5.031378104743424 0.04
6 5.972223797998553 0.02
6 5.971737302422199 0.025
6 5.992553972781993 0.03
6 6.06037657834063 0.035
6 6.156567518655626 0.04
7 7.002872114907173 0.02
7 6.9915868420417855 0.025
7 6.986828528644415 0.03
7 6.985479764945855 0.035
7 6.986407641655026 0.04
8 8.010659732089588 0.02
8 8.004226380431854 0.025
8 8.37152829577426 0.03
8 8.489394890120423 0.035
8 8.525372677983233 0.04
9 8.947619724753965 0.02
9 9.00387509420616 0.025
9 9.274809738991571 0.03
9 9.48330880286215 0.035
9 9.554856417112937 0.04
10 10.011376701744354 0.02
10 10.017310778643974 0.025
10 10.016583977884238 0.03
10 9.97743230987301 0.035
10 9.359042135078917 0.04
